0 0.37578125 0.759765625 0.0625 0.091796875
0 0.43359375 0.615234375 0.026562500000000003 0.044921875
0 0.358203125 0.5703125 0.02109375 0.03125
0 0.237109375 0.55810546875 0.017968750000000002 0.0263671875
0 0.12382812500000001 0.5556640625 0.014843750000000001 0.0234375
1 0.9304687500000001 0.6689453125 0.051562500000000004 0.072265625
1 0.71640625 0.57666015625 0.0328125 0.0419921875
1 0.577734375 0.55029296875 0.02109375 0.0302734375
1 0.376953125 0.53662109375 0.014843750000000001 0.0224609375
1 0.269140625 0.53369140625 0.01171875 0.0205078125
