0 0.382421875 0.75048828125 0.06171875 0.0927734375
0 0.43203125000000003 0.61279296875 0.029687500000000002 0.0458984375
0 0.355078125 0.56884765625 0.022656250000000003 0.0322265625
0 0.2328125 0.55712890625 0.015625 0.0263671875
0 0.12070312500000001 0.5537109375 0.01640625 0.025390625
1 0.9164062500000001 0.6630859375 0.051562500000000004 0.072265625
1 0.7097656250000001 0.5751953125 0.02734375 0.0390625
1 0.571484375 0.54736328125 0.022656250000000003 0.0302734375
1 0.37226562500000004 0.53515625 0.014843750000000001 0.0234375
1 0.26406250000000003 0.53369140625 0.015625 0.0224609375
