0 0.23828125 0.78125 0.05625 0.091796875
0 0.25859375 0.63037109375 0.028125 0.0458984375
0 0.13593750000000002 0.5986328125 0.018750000000000003 0.03515625
0 0.017968750000000002 0.58642578125 0.015625 0.0283203125
1 0.887890625 0.73974609375 0.06171875 0.0869140625
0 0.6683593750000001 0.55517578125 0.014843750000000001 0.0302734375
1 0.636328125 0.61083984375 0.02734375 0.0458984375
1 0.47265625 0.54736328125 0.0140625 0.0263671875
1 0.3328125 0.5537109375 0.0125 0.02734375
1 0.1625 0.55712890625 0.0125 0.0244140625
