0 0.260546875 0.73388671875 0.04609375 0.0771484375
1 0.8054687500000001 0.693359375 0.053125000000000006 0.072265625
1 0.59609375 0.59912109375 0.028125 0.0419921875
1 0.4421875 0.5458984375 0.015625 0.025390625
1 0.309375 0.55322265625 0.0125 0.0244140625
0 0.2515625 0.61962890625 0.021875000000000002 0.0419921875
0 0.12812500000000002 0.5947265625 0.018750000000000003 0.033203125
0 0.626953125 0.552734375 0.01640625 0.029296875
1 0.143359375 0.5556640625 0.013281250000000001 0.025390625
0 0.008984375000000001 0.583984375 0.014843750000000001 0.029296875
