0 0.276953125 0.75146484375 0.04609375 0.0810546875
1 0.859375 0.71044921875 0.0546875 0.0810546875
1 0.634765625 0.60400390625 0.02421875 0.0419921875
1 0.475390625 0.54638671875 0.014843750000000001 0.0244140625
1 0.34101562500000004 0.55322265625 0.013281250000000001 0.0224609375
0 0.278515625 0.623046875 0.02109375 0.04296875
0 0.155078125 0.59521484375 0.01640625 0.0302734375
0 0.6648437500000001 0.55517578125 0.0171875 0.0283203125
1 0.17539062500000002 0.556640625 0.014843750000000001 0.025390625
0 0.038671875 0.58544921875 0.017968750000000002 0.0283203125
