0 0.21406250000000002 0.818359375 0.065625 0.103515625
0 0.2546875 0.63525390625 0.0328125 0.0498046875
0 0.1328125 0.5966796875 0.021875000000000002 0.03515625
0 0.0140625 0.5849609375 0.015625 0.029296875
1 0.33906250000000004 0.55126953125 0.0140625 0.0283203125
1 0.484375 0.54541015625 0.015625 0.0283203125
1 0.6578125 0.61767578125 0.029687500000000002 0.0498046875
0 0.6875 0.556640625 0.018750000000000003 0.03125
1 0.946484375 0.7744140625 0.06953125 0.1015625
1 0.166796875 0.552734375 0.014843750000000001 0.025390625
