0 0.3828125 0.6650390625 0.040625 0.060546875
0 0.36171875000000003 0.5908203125 0.0203125 0.03515625
0 0.269140625 0.564453125 0.01640625 0.025390625
0 0.14179687500000002 0.55859375 0.014843750000000001 0.021484375
1 0.7351562500000001 0.60205078125 0.03125 0.0458984375
1 0.578125 0.5595703125 0.0203125 0.03125
1 0.45429687500000004 0.54443359375 0.01640625 0.0224609375
1 0.26210937500000003 0.5380859375 0.01171875 0.017578125
1 0.15234375 0.53955078125 0.010937500000000001 0.0205078125
0 0.0171875 0.56005859375 0.010937500000000001 0.0224609375
0 0.1765625 0.931640625 0.09062500000000001 0.134765625
