0 0.304296875 0.76025390625 0.057031250000000006 0.0869140625
0 0.34687500000000004 0.62109375 0.03125 0.046875
0 0.28984375 0.576171875 0.0171875 0.03125
0 0.18125000000000002 0.56005859375 0.015625 0.0263671875
0 0.04453125 0.56103515625 0.010937500000000001 0.0205078125
1 0.0390625 0.544921875 0.00625 0.015625
1 0.15546875000000002 0.5400390625 0.010937500000000001 0.017578125
1 0.349609375 0.53955078125 0.01171875 0.0205078125
1 0.46796875000000004 0.546875 0.0171875 0.025390625
1 0.61328125 0.56982421875 0.025 0.0341796875
1 0.94296875 0.70458984375 0.0578125 0.0791015625
