0 0.440234375 0.70947265625 0.047656250000000004 0.0732421875
0 0.4546875 0.60205078125 0.026562500000000003 0.0380859375
0 0.370703125 0.5673828125 0.017968750000000002 0.029296875
0 0.24960937500000002 0.55810546875 0.01640625 0.0224609375
1 0.8875000000000001 0.63818359375 0.0421875 0.0556640625
1 0.70078125 0.57177734375 0.026562500000000003 0.0341796875
1 0.57265625 0.548828125 0.0203125 0.02734375
1 0.378515625 0.537109375 0.013281250000000001 0.021484375
1 0.27109375 0.5361328125 0.0140625 0.01953125
0 0.134765625 0.55517578125 0.01015625 0.0224609375
