0 0.306640625 0.77783203125 0.06171875 0.0927734375
0 0.358203125 0.630859375 0.02890625 0.044921875
0 0.303515625 0.58251953125 0.017968750000000002 0.0302734375
0 0.198046875 0.56591796875 0.013281250000000001 0.0244140625
0 0.060937500000000006 0.56640625 0.010937500000000001 0.01953125
1 0.057421875000000004 0.5498046875 0.01015625 0.01953125
1 0.17304687500000002 0.54443359375 0.01015625 0.0185546875
1 0.366015625 0.544921875 0.014843750000000001 0.021484375
1 0.486328125 0.55419921875 0.014843750000000001 0.0244140625
1 0.6296875000000001 0.5791015625 0.0234375 0.03515625
1 0.969921875 0.7255859375 0.05859375 0.0859375
