0 0.23515625 0.89453125 0.084375 0.126953125
0 0.403125 0.65673828125 0.037500000000000006 0.0556640625
0 0.37421875000000004 0.58935546875 0.021875000000000002 0.0361328125
0 0.27890625 0.564453125 0.0171875 0.0234375
0 0.15078125 0.55908203125 0.010937500000000001 0.0224609375
1 0.736328125 0.59814453125 0.025781250000000002 0.0439453125
1 0.5808593750000001 0.55859375 0.01953125 0.029296875
1 0.46015625000000004 0.544921875 0.0140625 0.0234375
1 0.26796875000000003 0.5390625 0.010937500000000001 0.01953125
0 0.025781250000000002 0.56201171875 0.009375000000000001 0.0205078125
1 0.158203125 0.541015625 0.01171875 0.01953125
