0 0.15156250000000002 0.93798828125 0.1 0.1201171875
0 0.35625 0.666015625 0.035937500000000004 0.056640625
0 0.3046875 0.60546875 0.0234375 0.0390625
0 0.21640625000000002 0.57958984375 0.0140625 0.0283203125
0 0.09375 0.57275390625 0.015625 0.0205078125
1 0.039453125000000006 0.55859375 0.013281250000000001 0.017578125
1 0.23984375000000002 0.5537109375 0.010937500000000001 0.01953125
1 0.35703125 0.55712890625 0.0140625 0.0224609375
1 0.49257812500000003 0.56884765625 0.01640625 0.0244140625
1 0.735546875 0.61962890625 0.030468750000000003 0.0439453125
