0 0.3765625 0.76220703125 0.060937500000000006 0.0947265625
0 0.435546875 0.6142578125 0.02890625 0.046875
0 0.36015625 0.5693359375 0.021875000000000002 0.033203125
0 0.240625 0.556640625 0.0171875 0.025390625
0 0.127734375 0.55517578125 0.01640625 0.0224609375
1 0.9375 0.66943359375 0.053125000000000006 0.0712890625
1 0.720703125 0.57568359375 0.030468750000000003 0.0419921875
1 0.5828125000000001 0.5478515625 0.021875000000000002 0.03125
1 0.38007812500000004 0.533203125 0.014843750000000001 0.0234375
1 0.27265625 0.533203125 0.0125 0.021484375
