0 0.29375 0.8212890625 0.0734375 0.10546875
0 0.39921875 0.63427734375 0.03125 0.0498046875
0 0.33125000000000004 0.58154296875 0.021875000000000002 0.0341796875
0 0.21210937500000002 0.564453125 0.017968750000000002 0.02734375
0 0.09921875000000001 0.5595703125 0.015625 0.0234375
1 0.953125 0.71484375 0.059375000000000004 0.080078125
1 0.7113281250000001 0.595703125 0.030468750000000003 0.044921875
1 0.56640625 0.560546875 0.018750000000000003 0.033203125
1 0.36015625 0.54150390625 0.015625 0.0244140625
1 0.251953125 0.53857421875 0.013281250000000001 0.0205078125
