0 0.298828125 0.7705078125 0.06328125 0.08984375
0 0.349609375 0.62646484375 0.030468750000000003 0.0458984375
0 0.29375 0.57861328125 0.0203125 0.0322265625
0 0.18828125 0.56103515625 0.0125 0.0244140625
0 0.050390625 0.5615234375 0.014843750000000001 0.01953125
1 0.046484375 0.54443359375 0.00859375 0.0166015625
1 0.162109375 0.54248046875 0.01171875 0.0166015625
1 0.35664062500000004 0.54248046875 0.013281250000000001 0.0224609375
1 0.47500000000000003 0.55078125 0.0171875 0.0234375
1 0.620703125 0.57568359375 0.022656250000000003 0.0341796875
1 0.9558593750000001 0.7197265625 0.06015625 0.08203125
