0 0.38046875 0.7392578125 0.0546875 0.083984375
0 0.42578125 0.609375 0.028125 0.046875
0 0.34609375000000003 0.56591796875 0.0234375 0.0361328125
0 0.225 0.55419921875 0.0203125 0.0283203125
0 0.111328125 0.55126953125 0.01640625 0.0263671875
1 0.89765625 0.65673828125 0.051562500000000004 0.0693359375
1 0.6960937500000001 0.57275390625 0.029687500000000002 0.0439453125
1 0.56171875 0.54638671875 0.021875000000000002 0.0322265625
1 0.362109375 0.53369140625 0.014843750000000001 0.0244140625
1 0.25390625 0.53173828125 0.0125 0.0205078125
