0 0.33906250000000004 0.79736328125 0.065625 0.1005859375
0 0.423828125 0.62890625 0.02890625 0.05078125
0 0.353125 0.5791015625 0.0203125 0.033203125
0 0.233203125 0.564453125 0.01640625 0.029296875
0 0.1203125 0.560546875 0.0171875 0.025390625
1 0.95859375 0.69580078125 0.05625 0.0791015625
1 0.7250000000000001 0.5888671875 0.03125 0.044921875
1 0.581640625 0.55810546875 0.022656250000000003 0.0341796875
1 0.377734375 0.54248046875 0.014843750000000001 0.0244140625
1 0.26953125 0.53955078125 0.0125 0.0224609375
