0 0.38203125000000004 0.74560546875 0.05625 0.0869140625
0 0.42812500000000003 0.60986328125 0.028125 0.0439453125
0 0.35000000000000003 0.568359375 0.021875000000000002 0.03125
0 0.23046875 0.5556640625 0.021875000000000002 0.029296875
0 0.11679687500000001 0.55322265625 0.01640625 0.0244140625
1 0.909765625 0.658203125 0.05078125 0.0703125
1 0.7035156250000001 0.57275390625 0.032031250000000004 0.0400390625
1 0.567578125 0.54638671875 0.01953125 0.0302734375
1 0.36796875 0.53466796875 0.0125 0.0205078125
1 0.260546875 0.5322265625 0.013281250000000001 0.01953125
