0 0.2484375 0.7734375 0.0578125 0.091796875
0 0.26640625 0.626953125 0.0234375 0.044921875
0 0.14375000000000002 0.595703125 0.018750000000000003 0.033203125
0 0.025781250000000002 0.58544921875 0.0140625 0.0283203125
1 0.168359375 0.5556640625 0.013281250000000001 0.0234375
1 0.337890625 0.55224609375 0.01171875 0.0263671875
1 0.4765625 0.54541015625 0.0140625 0.0263671875
1 0.6390625000000001 0.6083984375 0.026562500000000003 0.044921875
1 0.884375 0.73291015625 0.060937500000000006 0.0869140625
0 0.6703125000000001 0.5537109375 0.015625 0.03125
