0 0.27187500000000003 0.8427734375 0.07187500000000001 0.109375
0 0.38671875 0.64208984375 0.035937500000000004 0.0517578125
0 0.34804687500000003 0.5830078125 0.02109375 0.033203125
0 0.248046875 0.5615234375 0.014843750000000001 0.0234375
0 0.11796875000000001 0.55908203125 0.010937500000000001 0.0205078125
1 0.121484375 0.54150390625 0.01015625 0.0166015625
1 0.233203125 0.53759765625 0.013281250000000001 0.0205078125
1 0.42421875000000003 0.54052734375 0.0125 0.0205078125
1 0.54453125 0.55322265625 0.0171875 0.0263671875
1 0.6976562500000001 0.58642578125 0.026562500000000003 0.0361328125
