0 0.2984375 0.80224609375 0.06406250000000001 0.1005859375
0 0.37226562500000004 0.63671875 0.032031250000000004 0.048828125
0 0.32460937500000003 0.58154296875 0.01953125 0.0302734375
0 0.21992187500000002 0.56640625 0.01171875 0.021484375
0 0.087109375 0.56591796875 0.01171875 0.0185546875
1 0.08671875000000001 0.5478515625 0.010937500000000001 0.017578125
1 0.199609375 0.54443359375 0.01015625 0.0166015625
1 0.392578125 0.54443359375 0.013281250000000001 0.0205078125
1 0.512109375 0.55224609375 0.01640625 0.0263671875
1 0.658203125 0.580078125 0.02734375 0.037109375
