0 0.23359375000000002 0.90087890625 0.08125 0.1318359375
0 0.40664062500000003 0.66064453125 0.039843750000000004 0.0576171875
0 0.37890625 0.591796875 0.0234375 0.03515625
0 0.28554687500000003 0.56689453125 0.01953125 0.0263671875
0 0.15703125 0.560546875 0.0171875 0.021484375
1 0.74375 0.6044921875 0.03125 0.041015625
1 0.5875 0.56494140625 0.018750000000000003 0.0302734375
1 0.465625 0.5498046875 0.015625 0.0234375
1 0.27382812500000003 0.54248046875 0.01171875 0.0205078125
0 0.033203125 0.56103515625 0.01171875 0.0205078125
1 0.16484375 0.5419921875 0.010937500000000001 0.01953125
