0 0.39101562500000003 0.7275390625 0.05234375 0.080078125
0 0.425390625 0.60302734375 0.025781250000000002 0.0458984375
0 0.3453125 0.5634765625 0.021875000000000002 0.033203125
0 0.224609375 0.552734375 0.017968750000000002 0.025390625
1 0.8871093750000001 0.64599609375 0.04453125 0.0634765625
1 0.691015625 0.56787109375 0.025781250000000002 0.0380859375
1 0.55625 0.54345703125 0.0234375 0.0302734375
1 0.358984375 0.5322265625 0.01640625 0.0234375
1 0.24960937500000002 0.53076171875 0.014843750000000001 0.0205078125
0 0.10898437500000001 0.55029296875 0.01171875 0.0224609375
