0 0.30078125 0.76220703125 0.060937500000000006 0.0888671875
0 0.340625 0.62353515625 0.026562500000000003 0.0439453125
0 0.283203125 0.578125 0.017968750000000002 0.03125
0 0.17421875 0.5625 0.0140625 0.0234375
0 0.036328125 0.5615234375 0.01171875 0.021484375
1 0.030859375 0.54541015625 0.01015625 0.0166015625
1 0.147265625 0.54248046875 0.00859375 0.0166015625
1 0.34218750000000003 0.54296875 0.0140625 0.021484375
1 0.46132812500000003 0.5517578125 0.014843750000000001 0.025390625
1 0.6058593750000001 0.5751953125 0.025781250000000002 0.03125
1 0.9320312500000001 0.70947265625 0.05625 0.0791015625
