0 0.36835937500000004 0.6826171875 0.04453125 0.0625
0 0.36015625 0.59716796875 0.0234375 0.0361328125
0 0.26992187500000003 0.56982421875 0.017968750000000002 0.0263671875
0 0.143359375 0.56201171875 0.014843750000000001 0.0224609375
1 0.74921875 0.61279296875 0.035937500000000004 0.0517578125
1 0.586328125 0.5634765625 0.022656250000000003 0.037109375
1 0.46132812500000003 0.54541015625 0.01640625 0.0283203125
1 0.268359375 0.54052734375 0.013281250000000001 0.0224609375
0 0.0203125 0.5625 0.010937500000000001 0.021484375
1 0.158203125 0.541015625 0.01015625 0.01953125
