0 0.378515625 0.66943359375 0.041406250000000006 0.0576171875
0 0.35976562500000003 0.591796875 0.02421875 0.0390625
0 0.267578125 0.564453125 0.01640625 0.02734375
0 0.14140625 0.55859375 0.0140625 0.021484375
1 0.7371093750000001 0.60498046875 0.032031250000000004 0.0498046875
1 0.578125 0.56005859375 0.021875000000000002 0.0322265625
1 0.455078125 0.54541015625 0.01640625 0.0244140625
1 0.262890625 0.5380859375 0.01171875 0.01953125
1 0.152734375 0.53857421875 0.01015625 0.0205078125
0 0.017578125 0.56005859375 0.01171875 0.0224609375
