0 0.377734375 0.6728515625 0.041406250000000006 0.060546875
0 0.3640625 0.59423828125 0.025 0.0361328125
0 0.273046875 0.56591796875 0.017968750000000002 0.0283203125
0 0.147265625 0.56005859375 0.014843750000000001 0.0244140625
1 0.74765625 0.6083984375 0.0328125 0.046875
1 0.585546875 0.560546875 0.017968750000000002 0.03125
1 0.46328125000000003 0.54443359375 0.0171875 0.0263671875
1 0.26992187500000003 0.53857421875 0.013281250000000001 0.0224609375
1 0.15976562500000002 0.53955078125 0.01171875 0.0185546875
0 0.023828125000000002 0.56103515625 0.01171875 0.0224609375
