0 0.3921875 0.72607421875 0.0484375 0.0771484375
0 0.42265625 0.607421875 0.026562500000000003 0.04296875
0 0.34140625 0.56689453125 0.0203125 0.0302734375
0 0.21953125 0.556640625 0.018750000000000003 0.02734375
1 0.8773437500000001 0.64599609375 0.045312500000000006 0.0634765625
1 0.684765625 0.572265625 0.02421875 0.037109375
1 0.551953125 0.546875 0.01953125 0.029296875
1 0.354296875 0.53515625 0.013281250000000001 0.021484375
1 0.24531250000000002 0.5341796875 0.0125 0.01953125
0 0.1046875 0.5546875 0.010937500000000001 0.021484375
