0 0.17304687500000002 0.91064453125 0.09296875 0.1435546875
0 0.34140625 0.6533203125 0.0328125 0.0546875
0 0.28203125 0.59814453125 0.0234375 0.0361328125
0 0.19375 0.57421875 0.015625 0.02734375
0 0.06875 0.5693359375 0.0140625 0.021484375
1 0.008984375000000001 0.556640625 0.01171875 0.015625
1 0.21406250000000002 0.55029296875 0.0125 0.0205078125
1 0.33125000000000004 0.5517578125 0.0125 0.021484375
1 0.464453125 0.56103515625 0.017968750000000002 0.0263671875
1 0.7035156250000001 0.60791015625 0.032031250000000004 0.0419921875
