0 0.36640625000000004 0.78466796875 0.065625 0.0966796875
0 0.44062500000000004 0.623046875 0.029687500000000002 0.05078125
0 0.36640625000000004 0.576171875 0.025 0.033203125
0 0.24765625000000002 0.56201171875 0.0171875 0.0283203125
0 0.136328125 0.55859375 0.014843750000000001 0.025390625
1 0.9636718750000001 0.68994140625 0.055468750000000004 0.0791015625
1 0.735546875 0.58642578125 0.02890625 0.0439453125
1 0.593359375 0.55615234375 0.02421875 0.0341796875
1 0.39101562500000003 0.5400390625 0.017968750000000002 0.025390625
1 0.2828125 0.53857421875 0.0140625 0.0224609375
