0 0.21601562500000002 0.8095703125 0.06015625 0.099609375
0 0.25 0.634765625 0.029687500000000002 0.048828125
0 0.1265625 0.60009765625 0.0203125 0.0361328125
0 0.00859375 0.5888671875 0.0140625 0.03125
1 0.9203125000000001 0.76123046875 0.065625 0.0966796875
1 0.6453125000000001 0.61572265625 0.029687500000000002 0.0498046875
0 0.675 0.55517578125 0.0140625 0.0302734375
1 0.47382812500000004 0.54736328125 0.014843750000000001 0.0263671875
1 0.331640625 0.55419921875 0.014843750000000001 0.0263671875
1 0.15937500000000002 0.55615234375 0.0140625 0.0244140625
