0 0.023046875 0.58935546875 0.01953125 0.0283203125
0 0.1375 0.60302734375 0.0234375 0.0380859375
0 0.261328125 0.6455078125 0.03671875 0.048828125
0 0.2015625 0.8623046875 0.0671875 0.115234375
1 0.687109375 0.62744140625 0.03515625 0.0556640625
1 0.503125 0.548828125 0.0203125 0.03125
1 0.35585937500000003 0.55615234375 0.01640625 0.0283203125
1 0.1796875 0.5556640625 0.015625 0.021484375
0 0.7152343750000001 0.56103515625 0.017968750000000002 0.0341796875
1 0.6726562500000001 0.529296875 0.0140625 0.025390625
0 0.845703125 0.53466796875 0.013281250000000001 0.0263671875
