0 0.27265625 0.83349609375 0.0703125 0.1064453125
0 0.388671875 0.6337890625 0.032031250000000004 0.052734375
0 0.32343750000000004 0.57958984375 0.0203125 0.0322265625
0 0.20390625 0.56298828125 0.015625 0.0263671875
0 0.090234375 0.55859375 0.014843750000000001 0.021484375
1 0.9578125000000001 0.71630859375 0.0625 0.0869140625
1 0.708984375 0.59228515625 0.02890625 0.0439453125
1 0.5609375 0.55615234375 0.0203125 0.0322265625
1 0.355078125 0.53857421875 0.014843750000000001 0.0244140625
1 0.244921875 0.5361328125 0.01171875 0.021484375
