0 0.25820312500000003 0.84423828125 0.07109375 0.1142578125
0 0.385546875 0.63720703125 0.030468750000000003 0.0498046875
0 0.32070312500000003 0.58154296875 0.02109375 0.0322265625
0 0.201953125 0.564453125 0.01640625 0.025390625
0 0.08867187500000001 0.55859375 0.01640625 0.0234375
1 0.9636718750000001 0.7236328125 0.05859375 0.087890625
1 0.7097656250000001 0.59423828125 0.032031250000000004 0.0458984375
1 0.560546875 0.5576171875 0.02421875 0.033203125
1 0.353125 0.5400390625 0.0140625 0.0234375
1 0.244140625 0.53662109375 0.014843750000000001 0.0205078125
