0 0.27382812500000003 0.740234375 0.05078125 0.076171875
1 0.8359375 0.69921875 0.05625 0.07421875
1 0.620703125 0.59912109375 0.025781250000000002 0.0439453125
1 0.46523437500000003 0.54248046875 0.014843750000000001 0.0263671875
1 0.330859375 0.55029296875 0.01640625 0.0263671875
0 0.270703125 0.61865234375 0.022656250000000003 0.0439453125
0 0.147265625 0.5947265625 0.01953125 0.033203125
0 0.6507812500000001 0.55029296875 0.0171875 0.0302734375
1 0.16484375 0.55517578125 0.0140625 0.0244140625
0 0.029687500000000002 0.58447265625 0.018750000000000003 0.0283203125
