0 0.362109375 0.79052734375 0.06484375 0.0986328125
0 0.440234375 0.626953125 0.030468750000000003 0.05078125
0 0.3671875 0.5791015625 0.0203125 0.033203125
0 0.246484375 0.5634765625 0.01640625 0.029296875
0 0.136328125 0.560546875 0.017968750000000002 0.025390625
1 0.966015625 0.69384765625 0.05390625 0.0771484375
1 0.7371093750000001 0.5888671875 0.030468750000000003 0.04296875
1 0.593359375 0.55859375 0.02109375 0.03125
1 0.390234375 0.54248046875 0.013281250000000001 0.0224609375
1 0.2828125 0.541015625 0.0140625 0.021484375
