0 0.2734375 0.75634765625 0.05 0.0830078125
0 0.280078125 0.62353515625 0.025781250000000002 0.0458984375
0 0.158203125 0.59423828125 0.02109375 0.0341796875
0 0.041015625 0.583984375 0.01640625 0.029296875
1 0.874609375 0.7177734375 0.05390625 0.080078125
1 0.6429687500000001 0.6044921875 0.026562500000000003 0.04296875
1 0.48203125 0.54541015625 0.0140625 0.0263671875
0 0.6726562500000001 0.55322265625 0.015625 0.0283203125
1 0.346484375 0.55224609375 0.01171875 0.0263671875
1 0.17929687500000002 0.5546875 0.01171875 0.0234375
