0 0.40156250000000004 0.7119140625 0.0578125 0.078125
0 0.42695312500000004 0.5966796875 0.030468750000000003 0.044921875
0 0.34609375000000003 0.56005859375 0.0203125 0.0322265625
0 0.22421875000000002 0.54931640625 0.0171875 0.0263671875
1 0.87421875 0.6357421875 0.0390625 0.05859375
1 0.684765625 0.5634765625 0.025781250000000002 0.037109375
1 0.552734375 0.5390625 0.01953125 0.029296875
1 0.35546875 0.5283203125 0.0140625 0.0234375
1 0.2484375 0.52685546875 0.0125 0.0224609375
0 0.10859375 0.5478515625 0.010937500000000001 0.021484375
