0 0.282421875 0.81689453125 0.06484375 0.1025390625
0 0.36757812500000003 0.6396484375 0.032031250000000004 0.048828125
0 0.322265625 0.5869140625 0.01953125 0.03125
0 0.22031250000000002 0.56787109375 0.0140625 0.0244140625
0 0.087109375 0.56689453125 0.01015625 0.0205078125
1 0.08828125 0.54931640625 0.009375000000000001 0.0166015625
1 0.20078125000000002 0.54638671875 0.009375000000000001 0.0185546875
1 0.394140625 0.5478515625 0.013281250000000001 0.021484375
1 0.513671875 0.556640625 0.01953125 0.029296875
1 0.661328125 0.5869140625 0.02734375 0.037109375
