0 0.209375 0.83935546875 0.065625 0.1142578125
0 0.2609375 0.63916015625 0.03125 0.0517578125
0 0.137109375 0.6005859375 0.02109375 0.0390625
0 0.020703125000000003 0.587890625 0.01640625 0.029296875
1 0.173828125 0.55517578125 0.013281250000000001 0.0263671875
1 0.3484375 0.5537109375 0.0140625 0.02734375
1 0.494921875 0.54638671875 0.01640625 0.0283203125
1 0.673828125 0.62158203125 0.032031250000000004 0.0517578125
0 0.703125 0.556640625 0.015625 0.033203125
0 0.8304687500000001 0.53173828125 0.0140625 0.0263671875
1 0.661328125 0.52783203125 0.01171875 0.0224609375
