0 0.3046875 0.79345703125 0.06406250000000001 0.0986328125
0 0.37578125 0.630859375 0.03125 0.05078125
0 0.326171875 0.5791015625 0.017968750000000002 0.033203125
0 0.223046875 0.56103515625 0.013281250000000001 0.0263671875
0 0.08945312500000001 0.55810546875 0.01015625 0.0205078125
1 0.08867187500000001 0.541015625 0.01015625 0.01953125
1 0.201953125 0.5390625 0.01171875 0.01953125
1 0.39492187500000003 0.541015625 0.01171875 0.021484375
1 0.513671875 0.55126953125 0.014843750000000001 0.0244140625
1 0.6605468750000001 0.580078125 0.02421875 0.03515625
