0 0.40937500000000004 0.7158203125 0.053125000000000006 0.076171875
0 0.431640625 0.60400390625 0.02890625 0.0419921875
0 0.34921875 0.564453125 0.021875000000000002 0.03125
0 0.22812500000000002 0.5537109375 0.0171875 0.025390625
1 0.876171875 0.64111328125 0.04296875 0.0634765625
1 0.6875 0.56982421875 0.026562500000000003 0.0400390625
1 0.55625 0.5458984375 0.018750000000000003 0.02734375
1 0.35976562500000003 0.533203125 0.01640625 0.0234375
1 0.2515625 0.53125 0.0125 0.01953125
0 0.1125 0.55224609375 0.010937500000000001 0.0205078125
