0 0.43007812500000003 0.6953125 0.04609375 0.0703125
0 0.433203125 0.60107421875 0.025781250000000002 0.0400390625
0 0.34765625 0.56884765625 0.0203125 0.0283203125
0 0.224609375 0.55908203125 0.017968750000000002 0.0244140625
1 0.8480468750000001 0.62646484375 0.03671875 0.0576171875
1 0.6734375 0.56884765625 0.025 0.0361328125
1 0.5453125 0.548828125 0.0203125 0.02734375
1 0.35000000000000003 0.53955078125 0.015625 0.0224609375
0 0.109375 0.55859375 0.0125 0.021484375
1 0.244140625 0.5390625 0.01171875 0.01953125
