0 0.21601562500000002 0.81689453125 0.06328125 0.1064453125
0 0.25429687500000003 0.63623046875 0.03359375 0.0517578125
0 0.13046875 0.6005859375 0.021875000000000002 0.037109375
0 0.0125 0.58837890625 0.015625 0.0302734375
1 0.164453125 0.5556640625 0.013281250000000001 0.025390625
1 0.3375 0.5546875 0.0140625 0.02734375
1 0.48125 0.5478515625 0.0140625 0.02734375
1 0.6546875000000001 0.61767578125 0.029687500000000002 0.0517578125
1 0.9390625 0.771484375 0.0671875 0.09765625
0 0.6839843750000001 0.55810546875 0.014843750000000001 0.0302734375
