0 0.312109375 0.81396484375 0.06953125 0.1044921875
0 0.41015625 0.630859375 0.0328125 0.05078125
0 0.340625 0.5791015625 0.0234375 0.03515625
0 0.221484375 0.564453125 0.01953125 0.029296875
0 0.109375 0.55908203125 0.0171875 0.0244140625
1 0.9558593750000001 0.70458984375 0.06171875 0.0869140625
1 0.71875 0.5908203125 0.029687500000000002 0.044921875
1 0.572265625 0.55908203125 0.02421875 0.0341796875
1 0.36796875 0.5419921875 0.015625 0.0234375
1 0.26015625000000003 0.53857421875 0.0140625 0.0205078125
