0 0.27890625 0.8251953125 0.0703125 0.109375
0 0.3828125 0.63720703125 0.034375 0.0498046875
0 0.34140625 0.57763671875 0.0203125 0.0302734375
0 0.240625 0.55810546875 0.015625 0.0244140625
0 0.109375 0.5546875 0.0140625 0.021484375
1 0.11210937500000001 0.53759765625 0.01015625 0.0166015625
1 0.2234375 0.53466796875 0.010937500000000001 0.0185546875
1 0.41445312500000003 0.53857421875 0.014843750000000001 0.0224609375
1 0.53515625 0.54931640625 0.0171875 0.0263671875
1 0.684765625 0.58203125 0.02734375 0.037109375
