0 0.312109375 0.7802734375 0.06015625 0.09375
0 0.369921875 0.6298828125 0.02890625 0.044921875
0 0.31875000000000003 0.58056640625 0.018750000000000003 0.0283203125
0 0.21445312500000002 0.560546875 0.014843750000000001 0.0234375
0 0.078515625 0.560546875 0.01640625 0.01953125
1 0.076171875 0.54345703125 0.01015625 0.0185546875
1 0.189453125 0.54052734375 0.01171875 0.0185546875
1 0.38125000000000003 0.54296875 0.0140625 0.021484375
1 0.5015625 0.552734375 0.015625 0.025390625
1 0.648046875 0.5791015625 0.02421875 0.03515625
