0 0.267578125 0.84912109375 0.07890625000000001 0.1103515625
0 0.39179687500000004 0.64404296875 0.03515625 0.0498046875
0 0.35468750000000004 0.58154296875 0.018750000000000003 0.0341796875
0 0.25625000000000003 0.56005859375 0.015625 0.0224609375
0 0.12617187500000002 0.556640625 0.013281250000000001 0.021484375
1 0.13125 0.5400390625 0.010937500000000001 0.015625
1 0.24140625000000002 0.5380859375 0.0140625 0.015625
1 0.43281250000000004 0.53955078125 0.0140625 0.0224609375
1 0.55390625 0.5517578125 0.0171875 0.02734375
1 0.7046875 0.58642578125 0.028125 0.0361328125
