0 0.295703125 0.7607421875 0.057031250000000006 0.087890625
0 0.335546875 0.6259765625 0.030468750000000003 0.048828125
0 0.275 0.5810546875 0.0171875 0.029296875
0 0.166796875 0.5654296875 0.014843750000000001 0.025390625
1 0.1390625 0.5458984375 0.009375000000000001 0.015625
1 0.02109375 0.54833984375 0.009375000000000001 0.0166015625
0 0.026562500000000003 0.5654296875 0.010937500000000001 0.017578125
1 0.333984375 0.54541015625 0.013281250000000001 0.0224609375
1 0.45390625 0.55322265625 0.0171875 0.0263671875
1 0.5964843750000001 0.57666015625 0.02109375 0.0322265625
1 0.9207031250000001 0.70654296875 0.05859375 0.0771484375
