0 0.43085937500000004 0.70947265625 0.049218750000000006 0.0712890625
0 0.44843750000000004 0.6005859375 0.0234375 0.0390625
0 0.365234375 0.56494140625 0.02109375 0.0302734375
0 0.242578125 0.55517578125 0.014843750000000001 0.0263671875
1 0.8859375 0.63623046875 0.0421875 0.0595703125
1 0.69921875 0.56884765625 0.0234375 0.0341796875
1 0.56796875 0.54541015625 0.021875000000000002 0.0283203125
1 0.373828125 0.53515625 0.013281250000000001 0.01953125
1 0.26601562500000003 0.5341796875 0.014843750000000001 0.021484375
0 0.128515625 0.55419921875 0.01015625 0.0205078125
