0 0.37226562500000004 0.7744140625 0.06171875 0.09375
0 0.4375 0.623046875 0.03125 0.046875
0 0.36367187500000003 0.576171875 0.02109375 0.033203125
0 0.24335937500000002 0.5625 0.014843750000000001 0.025390625
0 0.131640625 0.55859375 0.01640625 0.0234375
1 0.9496093750000001 0.681640625 0.05390625 0.07421875
1 0.7269531250000001 0.583984375 0.032031250000000004 0.041015625
1 0.5875 0.55517578125 0.025 0.0322265625
1 0.38515625000000003 0.541015625 0.015625 0.0234375
1 0.27773437500000003 0.5390625 0.013281250000000001 0.0234375
