0 0.30195312500000004 0.78955078125 0.06328125 0.0986328125
0 0.36953125000000003 0.62841796875 0.03125 0.0498046875
0 0.31875000000000003 0.57861328125 0.0171875 0.0302734375
0 0.21445312500000002 0.56103515625 0.01015625 0.0224609375
0 0.080078125 0.56005859375 0.013281250000000001 0.0205078125
1 0.07890625000000001 0.54296875 0.0125 0.017578125
1 0.191796875 0.53955078125 0.01171875 0.0166015625
1 0.384375 0.53955078125 0.015625 0.0205078125
1 0.50390625 0.5478515625 0.018750000000000003 0.025390625
1 0.65234375 0.5751953125 0.026562500000000003 0.03515625
