0 0.2671875 0.76220703125 0.051562500000000004 0.0888671875
0 0.27734375 0.623046875 0.028125 0.044921875
0 0.1546875 0.59326171875 0.0203125 0.0341796875
1 0.880078125 0.72216796875 0.055468750000000004 0.0810546875
1 0.6433593750000001 0.60498046875 0.025781250000000002 0.0419921875
0 0.673828125 0.552734375 0.017968750000000002 0.029296875
1 0.48164062500000004 0.5439453125 0.014843750000000001 0.025390625
1 0.34453125 0.55224609375 0.0140625 0.0244140625
1 0.177734375 0.5537109375 0.01171875 0.0234375
0 0.036328125 0.58349609375 0.014843750000000001 0.0283203125
