0 0.283984375 0.826171875 0.07109375 0.107421875
0 0.382421875 0.6416015625 0.032031250000000004 0.046875
0 0.34023437500000003 0.5830078125 0.017968750000000002 0.029296875
0 0.23984375000000002 0.5625 0.0140625 0.025390625
0 0.10703125000000001 0.5595703125 0.0125 0.017578125
1 0.109375 0.5419921875 0.010937500000000001 0.015625
1 0.22187500000000002 0.54052734375 0.0078125 0.0185546875
1 0.4140625 0.544921875 0.0125 0.0234375
1 0.53359375 0.55712890625 0.015625 0.0263671875
1 0.683203125 0.58984375 0.025781250000000002 0.037109375
