0 0.30546875 0.81591796875 0.06875 0.1044921875
0 0.40625 0.63427734375 0.03125 0.0498046875
0 0.33671875 0.580078125 0.021875000000000002 0.033203125
0 0.217578125 0.56494140625 0.017968750000000002 0.0283203125
0 0.10429687500000001 0.55908203125 0.01640625 0.0244140625
1 0.9558593750000001 0.7109375 0.057031250000000006 0.08203125
1 0.7175781250000001 0.5947265625 0.02890625 0.04296875
1 0.570703125 0.5595703125 0.025781250000000002 0.033203125
1 0.36562500000000003 0.5419921875 0.0171875 0.025390625
1 0.256640625 0.53857421875 0.013281250000000001 0.0224609375
