0 0.43789062500000003 0.70068359375 0.04296875 0.0693359375
0 0.444921875 0.60302734375 0.02734375 0.0419921875
0 0.36054687500000004 0.5693359375 0.01953125 0.02734375
0 0.23828125 0.560546875 0.015625 0.0234375
1 0.86484375 0.63232421875 0.0390625 0.0537109375
1 0.6875 0.57177734375 0.021875000000000002 0.0341796875
1 0.5578125 0.55078125 0.0171875 0.02734375
1 0.36445312500000004 0.5390625 0.014843750000000001 0.01953125
1 0.257421875 0.53857421875 0.01015625 0.0205078125
0 0.123046875 0.55859375 0.01171875 0.021484375
