0 0.39140625 0.724609375 0.05625 0.080078125
0 0.424609375 0.6015625 0.02890625 0.046875
0 0.34453125 0.5634765625 0.0203125 0.03125
0 0.22226562500000002 0.55224609375 0.014843750000000001 0.0244140625
1 0.882421875 0.64208984375 0.04453125 0.0615234375
1 0.6882812500000001 0.56787109375 0.026562500000000003 0.0380859375
1 0.554296875 0.54248046875 0.01953125 0.0283203125
1 0.35703125 0.53076171875 0.0171875 0.0244140625
1 0.24921875000000002 0.53125 0.0140625 0.021484375
0 0.107421875 0.55126953125 0.01171875 0.0224609375
