0 0.38359375 0.73779296875 0.053125000000000006 0.0849609375
0 0.424609375 0.60888671875 0.02734375 0.0439453125
0 0.345703125 0.56591796875 0.02109375 0.0322265625
0 0.225390625 0.5546875 0.017968750000000002 0.025390625
0 0.11093750000000001 0.552734375 0.015625 0.021484375
1 0.895703125 0.654296875 0.05078125 0.0703125
1 0.694921875 0.572265625 0.02890625 0.04296875
1 0.5609375 0.54638671875 0.0203125 0.0302734375
1 0.36054687500000004 0.533203125 0.014843750000000001 0.0234375
1 0.25390625 0.53271484375 0.0125 0.0205078125
