1 0.67578125 0.62548828125 0.034375 0.0517578125
0 0.7054687500000001 0.56005859375 0.0140625 0.0283203125
1 0.49609375 0.5478515625 0.018750000000000003 0.025390625
1 0.3484375 0.5546875 0.018750000000000003 0.025390625
1 0.17343750000000002 0.55517578125 0.010937500000000001 0.0224609375
0 0.0203125 0.587890625 0.0125 0.029296875
0 0.13593750000000002 0.60205078125 0.026562500000000003 0.0322265625
0 0.25820312500000003 0.6416015625 0.03359375 0.048828125
0 0.20468750000000002 0.84375 0.059375000000000004 0.10546875
1 0.6644531250000001 0.529296875 0.013281250000000001 0.025390625
