0 0.30390625000000004 0.78564453125 0.0625 0.0986328125
0 0.36875 0.62548828125 0.029687500000000002 0.0478515625
0 0.31640625 0.576171875 0.018750000000000003 0.03125
0 0.212890625 0.55859375 0.01171875 0.021484375
0 0.07773437500000001 0.55859375 0.01171875 0.01953125
1 0.07500000000000001 0.54150390625 0.009375000000000001 0.0166015625
1 0.189453125 0.53857421875 0.01171875 0.0166015625
1 0.38203125000000004 0.5361328125 0.0140625 0.021484375
1 0.501171875 0.5439453125 0.01640625 0.025390625
1 0.6484375 0.5712890625 0.026562500000000003 0.03515625
