0 0.35195312500000003 0.7978515625 0.06640625 0.1015625
0 0.43359375 0.63037109375 0.03125 0.0498046875
0 0.36171875000000003 0.58056640625 0.0234375 0.0341796875
0 0.24296875 0.5673828125 0.0171875 0.025390625
0 0.1296875 0.5634765625 0.015625 0.025390625
1 0.96484375 0.69775390625 0.0578125 0.0771484375
1 0.733984375 0.5908203125 0.02890625 0.044921875
1 0.590234375 0.56005859375 0.02109375 0.0322265625
1 0.38593750000000004 0.54443359375 0.015625 0.0244140625
1 0.279296875 0.5419921875 0.014843750000000001 0.0234375
