0 0.27578125000000003 0.75439453125 0.0546875 0.0849609375
0 0.28203125 0.62158203125 0.028125 0.0439453125
0 0.15781250000000002 0.5927734375 0.0203125 0.03515625
0 0.041015625 0.5830078125 0.014843750000000001 0.029296875
1 0.8714843750000001 0.7158203125 0.055468750000000004 0.080078125
1 0.6410156250000001 0.603515625 0.02890625 0.044921875
0 0.671484375 0.552734375 0.013281250000000001 0.03125
1 0.48164062500000004 0.54443359375 0.014843750000000001 0.0263671875
1 0.34609375000000003 0.55224609375 0.0125 0.0263671875
1 0.1796875 0.55419921875 0.0125 0.0244140625
