0 0.160546875 0.92724609375 0.09609375 0.1455078125
0 0.3453125 0.66015625 0.0328125 0.0546875
0 0.28828125 0.60205078125 0.025 0.0341796875
0 0.2 0.57861328125 0.0171875 0.0283203125
0 0.07421875 0.57275390625 0.018750000000000003 0.0244140625
1 0.018750000000000003 0.55908203125 0.010937500000000001 0.0166015625
1 0.220703125 0.5537109375 0.01171875 0.017578125
1 0.338671875 0.5556640625 0.014843750000000001 0.021484375
1 0.47382812500000004 0.56591796875 0.01953125 0.0263671875
1 0.7152343750000001 0.6142578125 0.032031250000000004 0.04296875
