0 0.021875000000000002 0.5869140625 0.0203125 0.02734375
0 0.13671875 0.60302734375 0.026562500000000003 0.0380859375
0 0.260546875 0.642578125 0.03359375 0.046875
0 0.20234375000000002 0.85498046875 0.0625 0.1103515625
1 0.6839843750000001 0.6240234375 0.032031250000000004 0.05078125
0 0.7117187500000001 0.55810546875 0.0171875 0.0283203125
1 0.66953125 0.5283203125 0.015625 0.021484375
1 0.5007812500000001 0.54638671875 0.015625 0.0263671875
1 0.353515625 0.5537109375 0.017968750000000002 0.02734375
1 0.1765625 0.5546875 0.021875000000000002 0.0234375
