0 0.226953125 0.79052734375 0.055468750000000004 0.0947265625
0 0.25234375000000003 0.63232421875 0.028125 0.0458984375
0 0.129296875 0.5986328125 0.01953125 0.03515625
1 0.891796875 0.74609375 0.06171875 0.08984375
1 0.6355468750000001 0.61279296875 0.030468750000000003 0.0478515625
0 0.6648437500000001 0.55712890625 0.015625 0.0302734375
1 0.468359375 0.54736328125 0.014843750000000001 0.0263671875
1 0.326953125 0.55419921875 0.01640625 0.0283203125
1 0.15781250000000002 0.5576171875 0.0140625 0.0234375
0 0.010937500000000001 0.58740234375 0.0171875 0.0302734375
