0 0.21250000000000002 0.82763671875 0.06406250000000001 0.1064453125
0 0.26015625000000003 0.63623046875 0.03125 0.0517578125
1 0.6671875 0.62109375 0.029687500000000002 0.052734375
1 0.9640625 0.78466796875 0.0703125 0.1044921875
0 0.6960937500000001 0.55712890625 0.015625 0.0322265625
1 0.491015625 0.546875 0.013281250000000001 0.02734375
1 0.34492187500000004 0.552734375 0.014843750000000001 0.02734375
0 0.13593750000000002 0.5986328125 0.0171875 0.03515625
0 0.019140625 0.58544921875 0.014843750000000001 0.0283203125
1 0.170703125 0.5537109375 0.013281250000000001 0.025390625
