0 0.162109375 0.88623046875 0.07734375 0.1279296875
0 0.212890625 0.6474609375 0.030468750000000003 0.052734375
0 0.15546875000000002 0.59033203125 0.021875000000000002 0.0361328125
0 0.023046875 0.58056640625 0.014843750000000001 0.0302734375
1 0.0078125 0.55419921875 0.010937500000000001 0.0224609375
1 0.170703125 0.54638671875 0.01015625 0.0224609375
1 0.288671875 0.537109375 0.00859375 0.01953125
1 0.42734375 0.56640625 0.018750000000000003 0.033203125
1 0.56953125 0.60791015625 0.028125 0.0439453125
0 0.447265625 0.53662109375 0.01171875 0.0244140625
