0 0.30546875 0.76513671875 0.0578125 0.0947265625
0 0.34921875 0.62353515625 0.029687500000000002 0.0458984375
0 0.294140625 0.57666015625 0.01953125 0.0322265625
0 0.18671875000000002 0.56201171875 0.0140625 0.0244140625
0 0.05 0.56396484375 0.0125 0.0185546875
1 0.04453125 0.54736328125 0.009375000000000001 0.0166015625
1 0.1609375 0.5419921875 0.009375000000000001 0.017578125
1 0.35546875 0.54052734375 0.010937500000000001 0.0185546875
1 0.47382812500000004 0.5478515625 0.014843750000000001 0.025390625
1 0.6179687500000001 0.57080078125 0.021875000000000002 0.0341796875
1 0.953125 0.70703125 0.059375000000000004 0.080078125
