0 0.2859375 0.80615234375 0.06875 0.1025390625
0 0.36835937500000004 0.6337890625 0.032031250000000004 0.048828125
0 0.322265625 0.580078125 0.017968750000000002 0.029296875
0 0.21875 0.56201171875 0.0140625 0.0224609375
0 0.08554687500000001 0.5595703125 0.01171875 0.017578125
1 0.08554687500000001 0.5419921875 0.01015625 0.017578125
1 0.19882812500000002 0.54052734375 0.013281250000000001 0.0185546875
1 0.392578125 0.5419921875 0.014843750000000001 0.021484375
1 0.512109375 0.552734375 0.01640625 0.02734375
1 0.659375 0.58154296875 0.025 0.0361328125
