0 0.283203125 0.8203125 0.06953125 0.10546875
0 0.375 0.6416015625 0.03125 0.048828125
0 0.32929687500000004 0.5869140625 0.01640625 0.02734375
0 0.228515625 0.56787109375 0.014843750000000001 0.0224609375
0 0.09531250000000001 0.564453125 0.0140625 0.01953125
1 0.09609375 0.546875 0.010937500000000001 0.017578125
1 0.209375 0.54345703125 0.009375000000000001 0.0185546875
1 0.401171875 0.54638671875 0.013281250000000001 0.0224609375
1 0.52109375 0.556640625 0.018750000000000003 0.02734375
1 0.66953125 0.58837890625 0.028125 0.0361328125
