0 0.37890625 0.67236328125 0.0421875 0.0634765625
0 0.36640625000000004 0.591796875 0.0234375 0.0390625
0 0.275390625 0.56298828125 0.01953125 0.0302734375
0 0.14765625000000002 0.55712890625 0.015625 0.0244140625
1 0.7484375000000001 0.6083984375 0.029687500000000002 0.044921875
1 0.587109375 0.56103515625 0.01953125 0.0322265625
1 0.46328125000000003 0.54345703125 0.0171875 0.0263671875
1 0.2703125 0.53662109375 0.0125 0.0224609375
0 0.025390625 0.55859375 0.013281250000000001 0.021484375
1 0.16132812500000002 0.53759765625 0.01171875 0.0205078125
