0 0.41171875 0.69140625 0.043750000000000004 0.0625
0 0.41328125000000004 0.59716796875 0.026562500000000003 0.0400390625
0 0.326171875 0.56494140625 0.01953125 0.0302734375
0 0.203125 0.55810546875 0.0171875 0.0263671875
1 0.8210937500000001 0.62255859375 0.037500000000000006 0.0517578125
1 0.6488281250000001 0.56591796875 0.025781250000000002 0.0361328125
1 0.521484375 0.5458984375 0.01953125 0.025390625
1 0.32890625 0.53662109375 0.0140625 0.0224609375
0 0.08476562500000001 0.556640625 0.01171875 0.021484375
1 0.22031250000000002 0.53662109375 0.010937500000000001 0.0185546875
