0 0.28164062500000003 0.83154296875 0.07109375 0.1103515625
0 0.39453125 0.63671875 0.03125 0.05078125
0 0.326171875 0.5810546875 0.02421875 0.03515625
0 0.20703125 0.56689453125 0.0203125 0.0263671875
0 0.09453125000000001 0.56201171875 0.015625 0.0244140625
1 0.9578125000000001 0.71630859375 0.06406250000000001 0.0849609375
1 0.7109375 0.59423828125 0.03125 0.0439453125
1 0.563671875 0.56005859375 0.02109375 0.0322265625
1 0.35703125 0.54296875 0.015625 0.0234375
1 0.248046875 0.5400390625 0.01171875 0.021484375
