0 0.27109375 0.84423828125 0.07187500000000001 0.1123046875
0 0.39140625 0.642578125 0.0328125 0.05078125
0 0.35273437500000004 0.5830078125 0.022656250000000003 0.03125
0 0.255078125 0.56201171875 0.014843750000000001 0.0224609375
0 0.123046875 0.55810546875 0.013281250000000001 0.0205078125
1 0.12734375 0.541015625 0.010937500000000001 0.015625
1 0.23828125 0.53759765625 0.0125 0.0166015625
1 0.43007812500000003 0.541015625 0.014843750000000001 0.021484375
1 0.5515625000000001 0.55322265625 0.0171875 0.0263671875
1 0.7019531250000001 0.5869140625 0.02890625 0.0390625
