0 0.2515625 0.85302734375 0.0765625 0.1181640625
0 0.38398437500000004 0.63671875 0.032031250000000004 0.05078125
0 0.3203125 0.57958984375 0.0203125 0.0322265625
0 0.201171875 0.5615234375 0.017968750000000002 0.029296875
0 0.0890625 0.55712890625 0.0171875 0.0244140625
1 0.970703125 0.72705078125 0.06015625 0.0908203125
1 0.7125 0.5927734375 0.035937500000000004 0.048828125
1 0.563671875 0.55712890625 0.022656250000000003 0.0361328125
1 0.355078125 0.53759765625 0.01640625 0.0263671875
1 0.24531250000000002 0.53564453125 0.015625 0.0205078125
