0 0.37734375000000003 0.68310546875 0.043750000000000004 0.0654296875
0 0.37031250000000004 0.595703125 0.026562500000000003 0.0390625
0 0.2828125 0.56591796875 0.0203125 0.0302734375
0 0.15781250000000002 0.5595703125 0.018750000000000003 0.025390625
1 0.7644531250000001 0.61328125 0.03828125 0.052734375
1 0.599609375 0.5634765625 0.025781250000000002 0.03515625
1 0.47500000000000003 0.54541015625 0.018750000000000003 0.0263671875
1 0.2828125 0.5380859375 0.0140625 0.021484375
1 0.17343750000000002 0.5380859375 0.0125 0.01953125
0 0.035546875 0.55810546875 0.013281250000000001 0.0224609375
