0 0.270703125 0.74072265625 0.049218750000000006 0.0791015625
1 0.830078125 0.69775390625 0.049218750000000006 0.0771484375
1 0.6140625000000001 0.5986328125 0.026562500000000003 0.041015625
1 0.45820312500000004 0.54541015625 0.014843750000000001 0.0244140625
1 0.32460937500000003 0.552734375 0.013281250000000001 0.025390625
0 0.26640625 0.62109375 0.0234375 0.041015625
0 0.14179687500000002 0.59423828125 0.017968750000000002 0.0322265625
0 0.644140625 0.5517578125 0.017968750000000002 0.029296875
1 0.158984375 0.55517578125 0.013281250000000001 0.0244140625
0 0.0234375 0.58447265625 0.0171875 0.0302734375
