0 0.259765625 0.76708984375 0.05078125 0.0869140625
0 0.27382812500000003 0.6259765625 0.02890625 0.044921875
0 0.15078125 0.59619140625 0.0203125 0.0341796875
0 0.033203125 0.58642578125 0.01640625 0.0283203125
1 0.341796875 0.55322265625 0.014843750000000001 0.0263671875
1 0.478515625 0.5458984375 0.014843750000000001 0.02734375
1 0.6414062500000001 0.6064453125 0.026562500000000003 0.044921875
1 0.8812500000000001 0.72509765625 0.059375000000000004 0.0830078125
0 0.671484375 0.5537109375 0.014843750000000001 0.029296875
1 0.17343750000000002 0.55712890625 0.0125 0.0244140625
