0 0.36953125000000003 0.783203125 0.060937500000000006 0.09765625
0 0.43984375000000003 0.62255859375 0.029687500000000002 0.0478515625
0 0.366015625 0.576171875 0.025781250000000002 0.03515625
0 0.248046875 0.5625 0.01953125 0.02734375
0 0.134765625 0.55908203125 0.02109375 0.0244140625
1 0.9578125000000001 0.6865234375 0.051562500000000004 0.07421875
1 0.7332031250000001 0.58447265625 0.02734375 0.0400390625
1 0.591015625 0.55419921875 0.01953125 0.0302734375
1 0.388671875 0.5390625 0.014843750000000001 0.025390625
1 0.28125 0.5380859375 0.0140625 0.0234375
