0 0.22812500000000002 0.90234375 0.08281250000000001 0.1328125
0 0.40703125 0.662109375 0.0390625 0.0546875
0 0.380859375 0.58984375 0.022656250000000003 0.033203125
0 0.28671875 0.564453125 0.0203125 0.0234375
0 0.16015625 0.55859375 0.0140625 0.021484375
1 0.7484375000000001 0.60400390625 0.029687500000000002 0.0458984375
1 0.591015625 0.5625 0.02109375 0.03125
1 0.46875 0.54736328125 0.015625 0.0244140625
1 0.27734375 0.541015625 0.0140625 0.01953125
0 0.035937500000000004 0.55908203125 0.0125 0.0224609375
1 0.16757812500000002 0.53955078125 0.01015625 0.0185546875
