0 0.17304687500000002 0.87255859375 0.07421875 0.1220703125
0 0.21835937500000002 0.646484375 0.032031250000000004 0.05078125
0 0.160546875 0.59130859375 0.01953125 0.0341796875
0 0.030078125 0.58056640625 0.01640625 0.0302734375
1 0.013281250000000001 0.556640625 0.0125 0.021484375
1 0.17578125 0.546875 0.010937500000000001 0.021484375
1 0.292578125 0.53759765625 0.01015625 0.0224609375
1 0.429296875 0.56689453125 0.017968750000000002 0.0322265625
1 0.571875 0.607421875 0.029687500000000002 0.044921875
0 0.45039062500000004 0.53857421875 0.01015625 0.0224609375
