0 0.29453125 0.7978515625 0.0671875 0.099609375
0 0.37343750000000003 0.62841796875 0.03125 0.0478515625
0 0.32421875 0.57666015625 0.018750000000000003 0.0302734375
0 0.22187500000000002 0.5576171875 0.0125 0.021484375
0 0.087890625 0.5556640625 0.01171875 0.01953125
1 0.08750000000000001 0.53857421875 0.009375000000000001 0.0166015625
1 0.20078125000000002 0.5361328125 0.0125 0.017578125
1 0.39375000000000004 0.53564453125 0.010937500000000001 0.0205078125
1 0.512890625 0.5458984375 0.014843750000000001 0.025390625
1 0.6609375000000001 0.5751953125 0.026562500000000003 0.03515625
