0 0.166796875 0.921875 0.09609375 0.146484375
0 0.342578125 0.65673828125 0.03359375 0.0556640625
0 0.28671875 0.59912109375 0.021875000000000002 0.0380859375
0 0.19648437500000002 0.57666015625 0.01640625 0.0263671875
0 0.072265625 0.572265625 0.01640625 0.025390625
1 0.014453125 0.55859375 0.01015625 0.01953125
1 0.217578125 0.55126953125 0.01171875 0.0185546875
1 0.33515625000000004 0.55322265625 0.0125 0.0205078125
1 0.46953125 0.5634765625 0.018750000000000003 0.02734375
1 0.708203125 0.6103515625 0.030468750000000003 0.044921875
