0 0.37890625 0.7587890625 0.059375000000000004 0.091796875
0 0.431640625 0.6171875 0.02734375 0.046875
0 0.35585937500000003 0.572265625 0.022656250000000003 0.03125
0 0.23515625 0.5595703125 0.018750000000000003 0.02734375
0 0.12187500000000001 0.556640625 0.015625 0.0234375
1 0.921875 0.6708984375 0.0484375 0.0703125
1 0.7113281250000001 0.58349609375 0.030468750000000003 0.0419921875
1 0.574609375 0.552734375 0.02421875 0.03125
1 0.373046875 0.5380859375 0.01640625 0.0234375
1 0.265234375 0.53759765625 0.013281250000000001 0.0205078125
