0 0.21601562500000002 0.81298828125 0.05859375 0.1044921875
0 0.25234375000000003 0.63720703125 0.029687500000000002 0.0478515625
0 0.1296875 0.6005859375 0.0203125 0.03515625
0 0.6800781250000001 0.55810546875 0.01640625 0.0302734375
1 0.9300781250000001 0.76904296875 0.07109375 0.0966796875
1 0.650390625 0.61865234375 0.030468750000000003 0.0498046875
1 0.478125 0.54833984375 0.0140625 0.0283203125
1 0.33437500000000003 0.5556640625 0.0140625 0.02734375
1 0.162109375 0.55712890625 0.013281250000000001 0.0244140625
0 0.012109375 0.5888671875 0.014843750000000001 0.029296875
