0 0.38046875 0.7412109375 0.05625 0.0859375
0 0.4265625 0.6083984375 0.029687500000000002 0.044921875
0 0.34921875 0.56591796875 0.0203125 0.0302734375
0 0.22890625 0.55419921875 0.021875000000000002 0.0263671875
0 0.113671875 0.55029296875 0.014843750000000001 0.0224609375
1 0.904296875 0.65625 0.047656250000000004 0.06640625
1 0.6996093750000001 0.5712890625 0.030468750000000003 0.041015625
1 0.562890625 0.544921875 0.022656250000000003 0.03125
1 0.36484375 0.5322265625 0.0140625 0.0234375
1 0.256640625 0.53173828125 0.01171875 0.0205078125
