0 0.306640625 0.78369140625 0.06015625 0.0947265625
0 0.37031250000000004 0.62939453125 0.028125 0.0439453125
0 0.31679687500000003 0.57861328125 0.01953125 0.0341796875
0 0.21250000000000002 0.5615234375 0.0125 0.0234375
0 0.0765625 0.560546875 0.0125 0.01953125
1 0.07500000000000001 0.5439453125 0.009375000000000001 0.017578125
1 0.18906250000000002 0.54150390625 0.0125 0.0166015625
1 0.381640625 0.54150390625 0.01171875 0.0205078125
1 0.5015625 0.5498046875 0.018750000000000003 0.025390625
1 0.6472656250000001 0.576171875 0.02109375 0.03515625
