0 0.274609375 0.8369140625 0.07265625 0.111328125
0 0.38359375 0.640625 0.0328125 0.05078125
0 0.34414062500000003 0.58203125 0.017968750000000002 0.03125
0 0.24609375 0.56103515625 0.015625 0.0244140625
0 0.11289062500000001 0.55859375 0.013281250000000001 0.01953125
1 0.1171875 0.53955078125 0.0125 0.0205078125
1 0.22812500000000002 0.537109375 0.0125 0.017578125
1 0.42031250000000003 0.541015625 0.0140625 0.021484375
1 0.54140625 0.55078125 0.0171875 0.02734375
1 0.690625 0.5849609375 0.028125 0.037109375
