0 0.274609375 0.7421875 0.04609375 0.080078125
1 0.845703125 0.7001953125 0.055468750000000004 0.078125
1 0.6257812500000001 0.59716796875 0.026562500000000003 0.0439453125
1 0.46914062500000003 0.54296875 0.014843750000000001 0.025390625
1 0.334765625 0.5498046875 0.013281250000000001 0.0234375
0 0.27421875 0.61962890625 0.0234375 0.0380859375
0 0.15078125 0.59375 0.0203125 0.03125
0 0.65546875 0.5498046875 0.015625 0.029296875
1 0.16953125000000002 0.5537109375 0.0140625 0.025390625
0 0.0328125 0.583984375 0.0171875 0.029296875
