0 0.15156250000000002 0.93017578125 0.09531250000000001 0.1376953125
0 0.343359375 0.6591796875 0.03515625 0.05859375
0 0.28828125 0.599609375 0.021875000000000002 0.03515625
0 0.20039062500000002 0.576171875 0.014843750000000001 0.025390625
0 0.07734375 0.56640625 0.0140625 0.025390625
1 0.020703125000000003 0.55517578125 0.01171875 0.0166015625
1 0.22382812500000002 0.55078125 0.014843750000000001 0.021484375
1 0.34101562500000004 0.55322265625 0.013281250000000001 0.0224609375
1 0.47578125000000004 0.56396484375 0.0171875 0.0263671875
1 0.71875 0.6142578125 0.0328125 0.044921875
