0 0.40390625 0.69140625 0.045312500000000006 0.068359375
0 0.40351562500000004 0.5966796875 0.025781250000000002 0.041015625
0 0.3171875 0.56689453125 0.0203125 0.0283203125
0 0.1921875 0.55810546875 0.015625 0.0244140625
1 0.81015625 0.61962890625 0.0390625 0.0556640625
1 0.638671875 0.564453125 0.025781250000000002 0.03515625
1 0.5125000000000001 0.54541015625 0.018750000000000003 0.0283203125
1 0.318359375 0.53662109375 0.01640625 0.0244140625
1 0.2109375 0.537109375 0.010937500000000001 0.01953125
0 0.074609375 0.5576171875 0.01171875 0.021484375
