0 0.18281250000000002 0.92626953125 0.084375 0.1318359375
0 0.384765625 0.66259765625 0.03671875 0.0576171875
0 0.362890625 0.58984375 0.022656250000000003 0.037109375
0 0.26953125 0.56396484375 0.015625 0.0263671875
0 0.14140625 0.55859375 0.010937500000000001 0.0234375
1 0.7347656250000001 0.6005859375 0.02890625 0.044921875
1 0.5765625 0.5576171875 0.0203125 0.029296875
1 0.45429687500000004 0.54345703125 0.017968750000000002 0.0244140625
1 0.26171875 0.537109375 0.0125 0.021484375
1 0.152734375 0.5390625 0.013281250000000001 0.021484375
0 0.0171875 0.56103515625 0.010937500000000001 0.0205078125
