0 0.37890625 0.66943359375 0.0421875 0.0615234375
0 0.36328125 0.59033203125 0.0234375 0.0380859375
0 0.272265625 0.56201171875 0.01953125 0.0283203125
0 0.14570312500000002 0.556640625 0.014843750000000001 0.0234375
1 0.7425781250000001 0.60498046875 0.03515625 0.0517578125
1 0.5828125000000001 0.55859375 0.0234375 0.033203125
1 0.45937500000000003 0.5419921875 0.0203125 0.02734375
1 0.267578125 0.53564453125 0.014843750000000001 0.0205078125
1 0.15781250000000002 0.537109375 0.010937500000000001 0.01953125
0 0.022265625 0.55859375 0.01171875 0.021484375
