0 0.3125 0.77880859375 0.0625 0.0927734375
0 0.36757812500000003 0.63134765625 0.02890625 0.0458984375
0 0.31484375000000003 0.5810546875 0.0171875 0.03125
0 0.21054687500000002 0.5625 0.013281250000000001 0.0234375
0 0.075390625 0.5625 0.01171875 0.01953125
1 0.07109375 0.546875 0.010937500000000001 0.015625
1 0.185546875 0.54345703125 0.013281250000000001 0.0166015625
1 0.37812500000000004 0.54443359375 0.0140625 0.0205078125
1 0.49726562500000004 0.55419921875 0.017968750000000002 0.0244140625
1 0.641796875 0.580078125 0.02421875 0.03515625
