0 0.43593750000000003 0.70751953125 0.051562500000000004 0.0732421875
0 0.453125 0.6005859375 0.025 0.04296875
0 0.36796875 0.56494140625 0.018750000000000003 0.0302734375
0 0.24726562500000002 0.55615234375 0.01640625 0.0224609375
1 0.88828125 0.63720703125 0.0421875 0.0576171875
1 0.701171875 0.56884765625 0.02421875 0.0380859375
1 0.570703125 0.54638671875 0.01953125 0.0302734375
1 0.37617187500000004 0.53466796875 0.013281250000000001 0.0224609375
1 0.269140625 0.5341796875 0.01171875 0.01953125
0 0.1328125 0.55322265625 0.0125 0.0224609375
