0 0.26484375 0.857421875 0.07187500000000001 0.1171875
0 0.39687500000000003 0.64892578125 0.035937500000000004 0.0517578125
0 0.359375 0.58544921875 0.0234375 0.0322265625
0 0.2625 0.56494140625 0.0171875 0.0263671875
0 0.132421875 0.5615234375 0.013281250000000001 0.01953125
1 0.137109375 0.5439453125 0.01171875 0.015625
1 0.24726562500000002 0.54150390625 0.01171875 0.0166015625
1 0.439453125 0.54296875 0.013281250000000001 0.0234375
1 0.559765625 0.5556640625 0.017968750000000002 0.02734375
1 0.7125 0.59033203125 0.029687500000000002 0.0400390625
