0 0.37421875000000004 0.767578125 0.060937500000000006 0.091796875
0 0.436328125 0.6162109375 0.02734375 0.044921875
0 0.36171875000000003 0.57080078125 0.021875000000000002 0.0341796875
0 0.24140625000000002 0.5576171875 0.0171875 0.02734375
0 0.128515625 0.55322265625 0.01171875 0.0244140625
1 0.942578125 0.6767578125 0.05390625 0.07421875
1 0.7230468750000001 0.57958984375 0.02890625 0.0439453125
1 0.583203125 0.5517578125 0.022656250000000003 0.033203125
1 0.38203125000000004 0.5361328125 0.0140625 0.025390625
1 0.274609375 0.53466796875 0.01171875 0.0224609375
