0 0.28750000000000003 0.75634765625 0.05625 0.0869140625
0 0.31679687500000003 0.6259765625 0.030468750000000003 0.046875
0 0.256640625 0.58251953125 0.01640625 0.0302734375
0 0.146484375 0.568359375 0.013281250000000001 0.0234375
0 0.00703125 0.56640625 0.015625 0.025390625
1 0.11679687500000001 0.54931640625 0.013281250000000001 0.0185546875
1 0.3140625 0.546875 0.0140625 0.021484375
1 0.43359375 0.5537109375 0.0171875 0.025390625
1 0.57734375 0.57470703125 0.0203125 0.0302734375
1 0.8933593750000001 0.6962890625 0.05390625 0.072265625
