0 0.264453125 0.8603515625 0.07421875 0.119140625
0 0.405078125 0.64404296875 0.03515625 0.0498046875
0 0.37031250000000004 0.57958984375 0.021875000000000002 0.0341796875
0 0.27382812500000003 0.5556640625 0.014843750000000001 0.025390625
0 0.144140625 0.55078125 0.013281250000000001 0.021484375
1 0.150390625 0.533203125 0.01015625 0.017578125
1 0.259765625 0.533203125 0.01171875 0.01953125
1 0.452734375 0.537109375 0.014843750000000001 0.0234375
1 0.5734375 0.55029296875 0.0203125 0.0263671875
1 0.724609375 0.58837890625 0.02734375 0.0400390625
