0 0.425390625 0.71044921875 0.05234375 0.0712890625
0 0.44453125000000004 0.60009765625 0.028125 0.0419921875
0 0.36015625 0.56494140625 0.0234375 0.0302734375
0 0.240234375 0.5546875 0.017968750000000002 0.0234375
1 0.8835937500000001 0.638671875 0.043750000000000004 0.05859375
1 0.6976562500000001 0.568359375 0.029687500000000002 0.0390625
1 0.565625 0.5458984375 0.0171875 0.029296875
1 0.369921875 0.533203125 0.01640625 0.0234375
1 0.263671875 0.5322265625 0.013281250000000001 0.01953125
0 0.125 0.55322265625 0.010937500000000001 0.0205078125
