0 0.220703125 0.798828125 0.06171875 0.099609375
0 0.2484375 0.63525390625 0.0328125 0.0478515625
0 0.12382812500000001 0.6025390625 0.022656250000000003 0.03515625
1 0.636328125 0.61376953125 0.02890625 0.0478515625
1 0.899609375 0.75 0.06640625 0.091796875
0 0.6664062500000001 0.55517578125 0.0171875 0.0302734375
1 0.467578125 0.54833984375 0.01640625 0.0244140625
1 0.326953125 0.5556640625 0.014843750000000001 0.02734375
1 0.154296875 0.55859375 0.014843750000000001 0.025390625
0 0.0078125 0.5908203125 0.0140625 0.029296875
