0 0.32343750000000004 0.8115234375 0.065625 0.10546875
0 0.4140625 0.6328125 0.028125 0.048828125
0 0.3453125 0.58203125 0.021875000000000002 0.03515625
0 0.22578125000000002 0.56787109375 0.0171875 0.0263671875
0 0.11210937500000001 0.56298828125 0.013281250000000001 0.0263671875
1 0.9558593750000001 0.708984375 0.06015625 0.083984375
1 0.720703125 0.59521484375 0.030468750000000003 0.0458984375
1 0.57578125 0.5615234375 0.021875000000000002 0.03125
1 0.370703125 0.544921875 0.014843750000000001 0.025390625
1 0.2625 0.54248046875 0.015625 0.0224609375
