0 0.25039062500000003 0.87109375 0.07890625000000001 0.125
0 0.401171875 0.6513671875 0.039843750000000004 0.060546875
0 0.370703125 0.58349609375 0.02109375 0.0361328125
0 0.273046875 0.56103515625 0.013281250000000001 0.0302734375
1 0.727734375 0.59423828125 0.02890625 0.0380859375
1 0.575390625 0.55419921875 0.01953125 0.0302734375
1 0.45351562500000003 0.541015625 0.01640625 0.0234375
1 0.26210937500000003 0.53564453125 0.013281250000000001 0.0224609375
0 0.144921875 0.55517578125 0.01640625 0.0244140625
1 0.15156250000000002 0.53857421875 0.009375000000000001 0.0185546875
0 0.020703125000000003 0.5576171875 0.01171875 0.021484375
