0 0.369140625 0.7763671875 0.06171875 0.095703125
0 0.43593750000000003 0.6220703125 0.03125 0.05078125
0 0.362109375 0.5751953125 0.02734375 0.033203125
0 0.244140625 0.5615234375 0.01953125 0.02734375
0 0.132421875 0.5595703125 0.01640625 0.0234375
1 0.9519531250000001 0.6826171875 0.055468750000000004 0.078125
1 0.728515625 0.5830078125 0.02734375 0.04296875
1 0.5875 0.5537109375 0.021875000000000002 0.03125
1 0.38515625000000003 0.5400390625 0.0140625 0.021484375
1 0.27773437500000003 0.5380859375 0.013281250000000001 0.01953125
