0 0.385546875 0.73388671875 0.05390625 0.0791015625
0 0.425390625 0.607421875 0.02421875 0.041015625
0 0.346484375 0.56396484375 0.022656250000000003 0.0322265625
0 0.22617187500000002 0.55322265625 0.01953125 0.0263671875
0 0.11171875 0.548828125 0.018750000000000003 0.0234375
1 0.891796875 0.65087890625 0.04453125 0.0673828125
1 0.693359375 0.57080078125 0.02890625 0.0400390625
1 0.558984375 0.54541015625 0.02109375 0.0302734375
1 0.35976562500000003 0.53271484375 0.014843750000000001 0.0224609375
1 0.25234375000000003 0.53173828125 0.0140625 0.0185546875
