0 0.264453125 0.8662109375 0.07578125000000001 0.119140625
0 0.401171875 0.65283203125 0.03359375 0.0498046875
0 0.366796875 0.5888671875 0.01953125 0.033203125
0 0.26875 0.56591796875 0.018750000000000003 0.0244140625
0 0.13984375000000002 0.56396484375 0.0125 0.0205078125
1 0.144921875 0.5458984375 0.01015625 0.017578125
1 0.25625000000000003 0.54541015625 0.010937500000000001 0.0146484375
1 0.446875 0.54736328125 0.0171875 0.0224609375
1 0.567578125 0.560546875 0.017968750000000002 0.02734375
1 0.7195312500000001 0.59619140625 0.028125 0.0380859375
