0 0.23554687500000002 0.7861328125 0.057031250000000006 0.095703125
0 0.255859375 0.6298828125 0.02734375 0.046875
0 0.13398437500000002 0.5986328125 0.01953125 0.03515625
1 0.1609375 0.5576171875 0.0140625 0.0234375
1 0.33046875000000003 0.5546875 0.0140625 0.02734375
1 0.4703125 0.546875 0.0140625 0.02734375
1 0.6359375 0.6103515625 0.029687500000000002 0.046875
1 0.890234375 0.740234375 0.06328125 0.087890625
0 0.6667968750000001 0.5537109375 0.014843750000000001 0.03125
0 0.014453125 0.5888671875 0.014843750000000001 0.02734375
