0 0.255078125 0.849609375 0.06953125 0.111328125
0 0.38320312500000003 0.6376953125 0.02890625 0.05078125
0 0.31875000000000003 0.58056640625 0.021875000000000002 0.0361328125
0 0.199609375 0.5615234375 0.01953125 0.03125
0 0.08671875000000001 0.55712890625 0.0171875 0.0244140625
1 0.9671875000000001 0.7294921875 0.0625 0.0859375
1 0.71015625 0.5947265625 0.035937500000000004 0.046875
1 0.5609375 0.55859375 0.025 0.03515625
1 0.353125 0.53857421875 0.0171875 0.0263671875
1 0.24335937500000002 0.53662109375 0.014843750000000001 0.0224609375
