0 0.37890625 0.6748046875 0.037500000000000006 0.060546875
0 0.366796875 0.59375 0.022656250000000003 0.037109375
0 0.276171875 0.56640625 0.017968750000000002 0.025390625
0 0.15078125 0.55908203125 0.015625 0.0244140625
1 0.7523437500000001 0.60888671875 0.034375 0.0478515625
1 0.589453125 0.5615234375 0.02109375 0.03515625
1 0.465625 0.54541015625 0.018750000000000003 0.0263671875
1 0.273046875 0.53662109375 0.01171875 0.0205078125
0 0.027734375000000002 0.55908203125 0.01171875 0.0224609375
1 0.16367187500000002 0.53857421875 0.01015625 0.0205078125
