0 0.28515625 0.82470703125 0.0671875 0.1044921875
0 0.38046875 0.64306640625 0.03125 0.0478515625
0 0.33437500000000003 0.5869140625 0.0203125 0.03125
0 0.234375 0.56689453125 0.0140625 0.0244140625
0 0.1015625 0.564453125 0.0125 0.01953125
1 0.103515625 0.546875 0.00703125 0.015625
1 0.215625 0.54296875 0.010937500000000001 0.017578125
1 0.40859375000000003 0.54736328125 0.0140625 0.0224609375
1 0.52890625 0.55810546875 0.0171875 0.0263671875
1 0.6781250000000001 0.58935546875 0.025 0.0361328125
