0 0.292578125 0.755859375 0.057031250000000006 0.087890625
0 0.326953125 0.6240234375 0.030468750000000003 0.044921875
0 0.267578125 0.58056640625 0.01953125 0.0283203125
0 0.158203125 0.56640625 0.014843750000000001 0.021484375
0 0.017968750000000002 0.5673828125 0.0125 0.017578125
1 0.011328125000000001 0.55029296875 0.01015625 0.0166015625
1 0.1296875 0.54541015625 0.009375000000000001 0.0185546875
1 0.32460937500000003 0.54345703125 0.013281250000000001 0.0224609375
1 0.44453125000000004 0.55078125 0.0125 0.025390625
1 0.587890625 0.57275390625 0.02421875 0.0341796875
1 0.907421875 0.69775390625 0.05390625 0.0751953125
