0 0.17734375000000002 0.89599609375 0.09375 0.1376953125
0 0.34023437500000003 0.64697265625 0.03359375 0.0556640625
0 0.283203125 0.59033203125 0.02109375 0.0361328125
0 0.1921875 0.56787109375 0.0171875 0.0263671875
0 0.06601562500000001 0.56103515625 0.01640625 0.0244140625
1 0.008203125 0.548828125 0.01171875 0.017578125
1 0.2109375 0.54345703125 0.0140625 0.0205078125
1 0.3296875 0.54541015625 0.0125 0.0224609375
1 0.462890625 0.55712890625 0.017968750000000002 0.0263671875
1 0.6996093750000001 0.60546875 0.032031250000000004 0.04296875
