0 0.377734375 0.76025390625 0.05859375 0.0908203125
0 0.43203125000000003 0.6171875 0.03125 0.046875
0 0.35625 0.57177734375 0.0234375 0.0341796875
0 0.23750000000000002 0.55859375 0.0203125 0.025390625
0 0.1234375 0.5546875 0.018750000000000003 0.025390625
1 0.9261718750000001 0.67333984375 0.05078125 0.0712890625
1 0.7152343750000001 0.58056640625 0.02734375 0.0419921875
1 0.5769531250000001 0.552734375 0.022656250000000003 0.03125
1 0.37539062500000003 0.53759765625 0.01640625 0.0244140625
1 0.26796875000000003 0.53564453125 0.0140625 0.0224609375
