0 0.259375 0.86865234375 0.0765625 0.1220703125
0 0.403125 0.64794921875 0.034375 0.0517578125
0 0.36875 0.5830078125 0.021875000000000002 0.033203125
0 0.27265625 0.56103515625 0.015625 0.0205078125
0 0.14375000000000002 0.55859375 0.0140625 0.021484375
1 0.14960937500000002 0.54052734375 0.01171875 0.0166015625
1 0.259765625 0.5380859375 0.01015625 0.017578125
1 0.451171875 0.53955078125 0.013281250000000001 0.0224609375
1 0.5730468750000001 0.55078125 0.017968750000000002 0.02734375
1 0.7265625 0.58740234375 0.029687500000000002 0.0380859375
0 0.018750000000000003 0.5625 0.009375000000000001 0.01953125
