0 0.390234375 0.72998046875 0.055468750000000004 0.0810546875
0 0.4265625 0.603515625 0.0234375 0.044921875
0 0.34687500000000004 0.5634765625 0.018750000000000003 0.029296875
0 0.22617187500000002 0.5537109375 0.01640625 0.025390625
1 0.88984375 0.646484375 0.046875 0.06640625
1 0.6921875000000001 0.56591796875 0.026562500000000003 0.0400390625
1 0.55859375 0.54248046875 0.0203125 0.0302734375
1 0.36054687500000004 0.53076171875 0.014843750000000001 0.0224609375
1 0.253125 0.5283203125 0.0140625 0.021484375
0 0.109765625 0.55078125 0.01171875 0.0234375
