0 0.43359375 0.701171875 0.046875 0.068359375
0 0.4390625 0.6015625 0.026562500000000003 0.04296875
0 0.35546875 0.56982421875 0.018750000000000003 0.0302734375
0 0.23203125000000002 0.5625 0.0140625 0.025390625
1 0.85546875 0.63330078125 0.040625 0.0576171875
1 0.6800781250000001 0.57275390625 0.02421875 0.0361328125
1 0.55234375 0.5517578125 0.018750000000000003 0.029296875
1 0.35859375000000004 0.541015625 0.0125 0.0234375
0 0.11601562500000001 0.5595703125 0.01171875 0.021484375
1 0.251171875 0.54052734375 0.01171875 0.0205078125
