0 0.33125000000000004 0.80322265625 0.06406250000000001 0.1025390625
0 0.419921875 0.63134765625 0.02890625 0.0498046875
0 0.349609375 0.5810546875 0.022656250000000003 0.033203125
0 0.23007812500000002 0.564453125 0.02109375 0.029296875
0 0.1171875 0.56103515625 0.0140625 0.0224609375
1 0.956640625 0.70458984375 0.05859375 0.0830078125
1 0.7234375000000001 0.5927734375 0.029687500000000002 0.04296875
1 0.5796875 0.56005859375 0.018750000000000003 0.0322265625
1 0.375 0.5439453125 0.015625 0.0234375
1 0.26640625 0.54052734375 0.0140625 0.0224609375
