1 0.9574218750000001 0.78271484375 0.07265625 0.1005859375
1 0.661328125 0.62158203125 0.030468750000000003 0.0498046875
0 0.6921875000000001 0.55859375 0.0171875 0.033203125
1 0.48750000000000004 0.54931640625 0.0140625 0.0263671875
1 0.341796875 0.55517578125 0.013281250000000001 0.0263671875
0 0.21328125 0.82568359375 0.060937500000000006 0.1044921875
0 0.25820312500000003 0.63671875 0.02734375 0.048828125
0 0.134375 0.60205078125 0.0234375 0.0361328125
0 0.016796875 0.587890625 0.01640625 0.03125
1 0.16875 0.556640625 0.0140625 0.025390625
