0 0.276953125 0.8310546875 0.06953125 0.11328125
0 0.386328125 0.6396484375 0.03359375 0.05078125
0 0.34453125 0.58154296875 0.018750000000000003 0.0302734375
0 0.24375000000000002 0.560546875 0.015625 0.025390625
0 0.11289062500000001 0.55810546875 0.01171875 0.0224609375
1 0.115625 0.541015625 0.010937500000000001 0.015625
1 0.226953125 0.5380859375 0.01015625 0.017578125
1 0.41914062500000004 0.5390625 0.01640625 0.0234375
1 0.5390625 0.55029296875 0.015625 0.0244140625
1 0.6898437500000001 0.58154296875 0.028125 0.0380859375
