0 0.2703125 0.76123046875 0.053125000000000006 0.0849609375
0 0.27890625 0.625 0.028125 0.044921875
0 0.158203125 0.59521484375 0.02109375 0.0361328125
0 0.040625 0.58544921875 0.0171875 0.0283203125
1 0.87890625 0.72216796875 0.0578125 0.0830078125
1 0.644140625 0.60546875 0.02890625 0.044921875
1 0.483203125 0.54638671875 0.014843750000000001 0.0263671875
1 0.34609375000000003 0.5537109375 0.0125 0.025390625
0 0.6742187500000001 0.5546875 0.0140625 0.02734375
1 0.180078125 0.55615234375 0.01171875 0.0244140625
