0 0.21640625000000002 0.8056640625 0.0625 0.1015625
1 0.911328125 0.75830078125 0.06796875000000001 0.0947265625
1 0.63984375 0.615234375 0.029687500000000002 0.048828125
0 0.6703125000000001 0.55712890625 0.0125 0.0302734375
1 0.46914062500000003 0.54833984375 0.014843750000000001 0.0263671875
1 0.327734375 0.55517578125 0.014843750000000001 0.0283203125
0 0.246875 0.634765625 0.0328125 0.046875
0 0.1234375 0.6005859375 0.021875000000000002 0.03515625
1 0.15546875000000002 0.55615234375 0.0125 0.0244140625
0 0.00703125 0.58984375 0.0125 0.02734375
