0 0.2171875 0.80224609375 0.060937500000000006 0.0986328125
0 0.24765625000000002 0.63330078125 0.03125 0.0498046875
0 0.123046875 0.6005859375 0.022656250000000003 0.03515625
1 0.15546875000000002 0.556640625 0.0140625 0.025390625
1 0.32656250000000003 0.55517578125 0.015625 0.0263671875
1 0.468359375 0.54736328125 0.01640625 0.0263671875
1 0.63828125 0.615234375 0.028125 0.046875
1 0.90625 0.75537109375 0.065625 0.0927734375
0 0.669140625 0.556640625 0.01953125 0.03125
0 0.00703125 0.5888671875 0.0125 0.029296875
