0 0.39882812500000003 0.71630859375 0.05234375 0.0771484375
0 0.424609375 0.599609375 0.02734375 0.044921875
0 0.3453125 0.5634765625 0.0203125 0.03125
0 0.223046875 0.5517578125 0.01640625 0.025390625
1 0.8738281250000001 0.63818359375 0.04296875 0.0634765625
1 0.6839843750000001 0.5654296875 0.02734375 0.0390625
1 0.552734375 0.54150390625 0.02109375 0.0283203125
1 0.354296875 0.52978515625 0.013281250000000001 0.0224609375
1 0.24765625000000002 0.5302734375 0.0125 0.01953125
0 0.10703125000000001 0.55078125 0.010937500000000001 0.021484375
