0 0.26601562500000003 0.8408203125 0.07109375 0.115234375
0 0.3875 0.63525390625 0.029687500000000002 0.0517578125
0 0.32148437500000004 0.57958984375 0.01953125 0.0341796875
0 0.20390625 0.5634765625 0.0171875 0.02734375
0 0.08984375 0.560546875 0.015625 0.0234375
1 0.9597656250000001 0.720703125 0.06015625 0.0859375
1 0.70859375 0.59423828125 0.03125 0.0458984375
1 0.560546875 0.55859375 0.02421875 0.033203125
1 0.354296875 0.54052734375 0.014843750000000001 0.0224609375
1 0.24453125 0.5380859375 0.0125 0.021484375
