0 0.448828125 0.537109375 0.01171875 0.0234375
1 0.5710937500000001 0.607421875 0.028125 0.044921875
1 0.42890625000000004 0.56640625 0.015625 0.033203125
1 0.291796875 0.537109375 0.01171875 0.0234375
1 0.173828125 0.54541015625 0.01015625 0.0224609375
1 0.010546875 0.55419921875 0.01015625 0.0205078125
0 0.025781250000000002 0.580078125 0.0140625 0.029296875
0 0.15781250000000002 0.5908203125 0.0140625 0.03515625
0 0.21601562500000002 0.64599609375 0.030468750000000003 0.0498046875
0 0.168359375 0.87890625 0.07578125000000001 0.123046875
