0 0.152734375 0.93310546875 0.10078125 0.1318359375
0 0.353125 0.662109375 0.0328125 0.0546875
0 0.299609375 0.6025390625 0.022656250000000003 0.03515625
0 0.21210937500000002 0.5771484375 0.01640625 0.02734375
0 0.087890625 0.5732421875 0.01171875 0.021484375
1 0.03359375 0.55810546875 0.010937500000000001 0.0146484375
1 0.23398437500000002 0.55322265625 0.013281250000000001 0.0205078125
1 0.35273437500000004 0.5546875 0.013281250000000001 0.01953125
1 0.487109375 0.56591796875 0.01640625 0.0244140625
1 0.730078125 0.61767578125 0.032031250000000004 0.0458984375
